CDMA Fwd 출력(or AGC) (Avg)
RANGE = 26
UPPER = 22
2620,2556,2492,2427,2363,2307,2252,2196,2146,2095,
2045,2007,1968,1930,1883,1835,1788,1743,1697,1652,
1612,1573,1533,1510,1487,1464,


CDMA RVS 출력
RANGE = 21
UPPER = 26
2723,2669,2615,2561,2507,2453,2405,2356,2308,2253,
2199,2144,2092,2040,1988,1941,1893,1846,1791,1736,
1681,

LTE Fwd 출력(or AGC) (Avg) 
RANGE = 26
UPPER = 25
2539,2504,2469,2435,2400,2350,2300,2250,2199,2149,
2098,2052,2005,1959,1896,1832,1769,1709,1649,1589,
1534,1480,1425,1393,1360,1328,


LTE RVS 출력
RANGE = 21
UPPER = 26
2956,2891,2825,2759,2694,2628,2577,2527,2476,2438,
2401,2363,2305,2248,2190,2126,2063,1999,1937,1876,
1814,



CDMA/LTE(공통부) Fwd 입력
RANGE = 47
UPPER = -4
2493,2455,2417,2380,2342,2303,2265,2226,2194,2161,
2129,2087,2044,2002,1967,1931,1896,1858,1819,1781,
1749,1717,1685,1651,1617,1583,1546,1508,1471,1441,
1411,1381,1342,1303,1264,1233,1201,1170,1131,1091,
1052,1017,0983,0948,0913,0879,0844,




CDMA/LTE(공통부) Fwd 출력(or AGC) (Avg)
RANGE = 21
UPPER = 27
3262,3194,3125,3056,2988,2919,2842,2766,2689,2632,
2574,2517,2483,2448,2414,2364,2314,2264,2210,2157,
2103,



CDMA/LTE(공통부) Rvs 입력
RANGE = 31
UPPER = -12
3288,3281,3273,3266,3232,3197,3163,3107,3052,2996,
2940,2885,2829,2775,2721,2667,2607,2547,2487,2430,
2373,2316,2260,2203,2147,2094,2040,1987,1936,1886,
1835,


CDMA/LTE(공통부) RVS 출력
RANGE = 21
UPPER = 26
3276,3222,3167,3112,3058,3003,2947,2891,2835,2769,
2704,2638,2572,2507,2441,2380,2320,2259,2201,2143,
2085,

LTE-A1 Fwd 출력(or AGC) (Avg)
RANGE = 26
UPPER = 25
2965,2900,2835,2771,2706,2647,2587,2528,2477,2425,
2374,2323,2273,2222,2174,2126,2078,2033,1988,1943,
1889,1834,1780,1730,1679,1629,

LTE-A1 RVS 출력
RANGE = 21
UPPER = 26
3242,3179,3116,3053,2990,2927,2864,2802,2739,2684,
2629,2574,2528,2482,2436,2397,2358,2319,2261,2204,
2146,

LTE-A2 Fwd 출력(or AGC) (Avg)
RANGE = 26
UPPER = 28
3076,3014,2952,2891,2829,2765,2701,2637,2576,2515,
2454,2409,2363,2318,2262,2206,2150,2105,2059,2014,
1971,1928,1885,1839,1793,1747,


LTE-A2 RVS 출력
RANGE = 21
UPPER = 26
3052,2982,2912,2842,2772,2702,2635,2569,2502,2441,
2381,2320,2268,2217,2165,2126,2087,2048,2003,1959,
1914,


LTE-A(공통부) Fwd 입력
RANGE = 32
UPPER = -15
3021,2968,2915,2862,2809,2742,2674,2607,2534,2461,
2388,2321,2255,2188,2133,2078,2023,1965,1906,1848,
1796,1743,1691,1643,1594,1546,1491,1437,1382,1334,
1287,1239,


LTE-A(공통부) Fwd 출력 (Avg)
RANGE = 21
UPPER = 28
3303,3275,3247,3219,3191,3163,3110,3058,3005,2948,
2890,2833,2770,2706,2643,2584,2526,2467,2406,2345,
2284,

LTE-A(공통부) Rvs 입력
RANGE = 39
UPPER = -12
3156,3085,3013,2941,2870,2798,2724,2650,2576,2532,
2489,2445,2396,2347,2298,2245,2191,2138,2088,2039,
1989,1935,1882,1828,1774,1719,1665,1604,1543,1482,
1425,1367,1310,1251,1192,1133,1085,1036,0988,


LTE-A(공통부) RVS 출력
RANGE = 21
UPPER = 26
3315,3307,3299,3291,3283,3275,3238,3200,3163,3108,
3052,2997,2929,2862,2794,2726,2659,2591,2537,2483,
2429,


WCDMA Fwd 입력
RANGE = 34
UPPER = -17
2618,2557,2496,2435,2369,2304,2238,2176,2114,2052,
2002,1952,1902,1844,1785,1727,1682,1636,1591,1534,
1477,1420,1365,1311,1256,1198,1140,1082,1036,0991,
0945,0907,0868,0830,

WCDMA Fwd 출력(or AGC) (Avg)
RANGE = 21
UPPER = 28
3310,3266,3222,3178,3134,3090,3030,2971,2911,2859,
2807,2755,2700,2646,2591,2529,2467,2405,2330,2256,
2181,

WCDMA RVS 입력
RANGE = 31
UPPER = -12
3050,2988,2927,2865,2804,2743,2682,2632,2582,2532,
2479,2426,2373,2320,2268,2215,2165,2116,2066,2006,
1946,1886,1827,1768,1709,1648,1586,1525,1465,1404,
1344,

WCDMA RVS 출력
RANGE = 58
UPPER = 26
3099,3033,2966,2900,2802,2703,2605,2535,2466,2396,
2345,2294,2243,2200,2156,2113,2076,2038,2001,1970,
1938,1907,1872,1836,1801,1764,1728,1691,1646,1602,
1557,1520,1483,1446,1412,1378,1344,1305,1267,1228,
1194,1159,1125,1083,1041,0999,0959,0918,0878,0822,
0765,0709,0654,0598,0543,0520,0496,0473,
