CDMA Fwd 출력(or AGC) (Avg)
RANGE = 26
UPPER = 22
2277,2219,2161,2104,2046,1981,1917,1852,1799,1747,
1694,1649,1604,1559,1523,1488,1452,1431,1411,1390,
1376,1363,1349,1338,1326,1315,

CDMA RVS 출력
RANGE = 21
UPPER = 26
2337,2277,2216,2155,2095,2034,1983,1933,1882,1816,
1750,1684,1632,1579,1527,1470,1414,1357,1310,1264,
1217,

LTE Fwd 출력(or AGC) (Avg) 
RANGE = 26
UPPER = 25
2434,2372,2310,2247,2185,2127,2069,2011,1946,1882,
1817,1751,1685,1619,1558,1498,1437,1382,1327,1272,
1227,1182,1137,1096,1055,1014,

LTE RVS 출력
RANGE = 21
UPPER = 26

2488,2426,2365,2304,2242,2181,2112,2044,1975,1907,
1839,1771,1714,1657,1600,1551,1503,1454,1416,1378,
1340,

CDMA/LTE(공통부) Fwd 입력
RANGE = 47
UPPER = -4
2620,2585,2550,2515,2480,2444,2409,2373,2338,2302,
2267,2225,2184,2142,2099,2057,2014,1972,1930,1888,
1844,1800,1756,1719,1682,1645,1607,1569,1531,1492,
1454,1415,1381,1347,1313,1274,1236,1197,1161,1125,
1089,1050,1011,0972,0936,0900,0864,


CDMA/LTE(공통부) Fwd 출력(or AGC) (Avg)
RANGE = 21
UPPER = 27
3306,3236,3167,3098,3028,2959,2900,841,2782,2726,
2670,2614,2540,2467,2393,2309,2224,2140,2075,2010,

1945,
CDMA/LTE(공통부) Rvs 입력
RANGE = 31
UPPER = -12

2126,2084,2041,1999,1964,1928,1893,1857,1821,1785,
1748,1712,1675,1637,1598,1560,1521,1482,1443,1407,
1371,1335,1298,1261,1224,1186,1149,1111,1072,1032,
0993,

CDMA/LTE(공통부) RVS 출력
RANGE = 21
UPPER = 28
2567,2497,2428,2359,2289,2220,2147,2074,2001,1934,
1867,1800,1731,1663,1594,1531,1467,1404,1343,1283,
1222,
LTE-A1 Fwd 출력(or AGC) (Avg)
RANGE = 26
UPPER = 25
3117,3049,2981,2912,2844,2780,2717,2653,2591,2528,
2466,2405,2344,2283,2222,2161,2100,2038,1976,1914,
1850,1786,1722,1665,1609,1552,

LTE-A1 RVS 출력
RANGE = 21
UPPER = 26
3342,3269,3195,3121,3048,2974,2908,2841,2775,2717,
2658,2600,2536,2473,2409,2347,2286,2224,2164,2104,
2044,

LTE-A2 Fwd 출력(or AGC) (Avg)
RANGE = 26
UPPER = 28
2283,2229,2175,2121,2067,2022,1978,1933,1884,1834,
1785,1738,1691,1644,1602,1559,1517,1468,1418,1369,
1323,1278,1232,1193,1153,1114,

LTE-,A2 RVS 출력
RANGE = 21
UPPER = 26
2974,2917,2859,2801,2744,2686,2636,2586,2536,2475,
2415,2354,2291,2227,2164,2107,2051,1994,1938,1882,
1826,

LTE-A(공통부) Fwd 입력
RANGE = 32
UPPER = -15

1974,1932,1891,1849,1849,1813,1776,1740,1702,1663,
1625,1585,1546,1506,1468,1430,1392,1358,1324,1290,
1256,1221,1187,1152,1117,1082,1042,1003,0963,0929,
0896,0862,

LTE-A(공통부) Fwd 출력 (Avg)
RANGE = 21
UPPER = 28
3196,3130,3064,2998,2932,2866,2792,2719,2645,2582,
2518,2455,2398,2340,2283,2221,2159,2097,2034,1970,
1907,
LTE-A(공통부) Rvs 입력
RANGE = 39
UPPER = -12
2156,2112,2068,2024,1980,1936,1900,1864,1828,1792,
1757,1721,1679,1636,1594,1549,1504,1459,1417,1376,
1334,1294,1255,1215,1173,1130,1088,1058,1028,0998,
0962,0926,0890,0853,0816,0779,0750,0721,0692,


LTE-A(공통부) RVS 출력
RANGE = 21
UPPER = 28

3346,3322,3299,3276,3252,3229,3165,3101,3037,2968,
2898,2829,2757,2685,2613,2550,2487,2424,2359,2294,
2229,

WCDMA Fwd 입력
RANGE = 34
UPPER = -17
2390,2347,2304,2261,2217,2172,2128,2083,2039,1994,
1954,1913,1873,1833,1792,1752,1712,1672,1632,1593,
1553,1514,1474,1433,1393,1356,1318,1281,1246,1212,
1177,1138,1100,1061,



WCDMA Fwd 출력(or AGC) (Avg)
RANGE = 21
UPPER = 28
2471,2404,2336,2268,2201,2133,2069,2004,1940,1881,
1821,1762,1702,1643,1583,1526,1469,1412,1360,1307,
1255,

WCDMA RVS 입력
RANGE = 31
UPPER = -12
2464,2426,2388,2350,2308,2267,2225,2183,2140,2098,
2048,1998,1948,1911,1874,1837,1794,1752,1709,1677,
1646,1614,1572,1530,1488,1455,1421,1388,1347,1307,
1266,

WCDMA RVS 출력
RANGE = 58
UPPER = 26
3299,3250,3202,3153,3082,3010,2939,2882,2825,2768,
2694,2619,2545,2486,2426,2367,2308,2250,2191,2122,
2052,1983,1924,1864,1805,1733,1662,1590,1530,1471,
1411,1353,1294,1236,1184,1131,1079,1036,0993,0950,
0915,0880,0845,0827,0810,0792,0781,0769,0758,0752,
0746,0740,0737,0734,0731,0730,0729,0728,

LTE#1 Fwd 입력
RANGE = 47
UPPER = -4
2276,2210,2143,2077,2042,2006,1971,1936,1894,1852,
1810,1772,1733,1695,1660,1625,1590,1551,1513,1474,
1437,1400,1363,1324,1285,1246,1207,1167,1128,1091,
1055,1018,0978,0939,0899,0866,0834,0801,0772,0742,
0713,0684,0655,0626,0600,0575,0549,

LTE#,1 Fwd 출력(or AGC) (Avg)
RANGE = 23
UPPER = 27
2615,2551,2487,2422,2358,2294,2229,2165,2108,2051,
1994,1933,1873,1812,1752,1691,1631,1572,1514,1455,
1400,1345,1290,

LTE#1 RVS 입력
RANGE = 31
UPPER = -12
3250,3202,3155,3107,3056,3006,2955,2907,2858,2810,
2756,2703,2649,2592,2536,2479,2424,2369,2314,2262,
2211,2159,2106,2053,2000,1946,1892,1838,1786,1733,
1681,

LTE#1 RVS 출력
RANGE = 67
UPPER = 26
2597,2561,2525,2489,2454,2418,2383,2352,2320,2289,
2254,2219,2184,2149,2115,2080,2040,2001,1961,1927,
1894,1860,1828,1796,1764,1728,1693,1657,1620,1582,
1545,1507,1468,1430,1396,1362,1328,1292,1256,1220,
1188,1155,1123,1091,1059,1027,0995,0964,0932,0901,
0870,0839,0824,0810,0795,0776,0756,0737,0715,0693,
0671,0651,0632,0612,0579,0546,0513,


LTE-A1#1 Fwd 출력(or AGC) (Avg)
RANGE = 26
UPPER = 25
1829,1769,1709,1649,1589,1542,1495,1448,1405,1361,
1318,1268,1219,1169,1117,1064,1012,0963,0913,0864,
0829,0795,0760,0739,0719,0698,


LTE-A1#1 RVS 출력
RANGE = 21
UPPER = 26
2350,2288,2227,2166,2104,2043,1982,1922,1861,1812,
1762,1713,1679,1646,1612,1578,1543,1509,1480,1452,
1423,

LTE-A2#1 Fwd 출력(or AGC) (Avg)
RANGE = 26
UPPER = 28
2596,2520,2444,2367,2291,2215,2139,2063,2001,1939,
1877,1822,1767,1712,1655,1599,1542,1494,1447,1399,
1365,1331,1297,1261,1225,1189,

LTE-,A2#1 RVS 출력
RANGE = 21
UPPER = 26
2170,2097,2024,1951,1878,1805,1736,1667,1598,1552,
1507,1461,1428,1396,1363,1330,1298,1265,1236,1208,
1179,

LTE-A#1(공통부) Fwd 입력
RANGE = 32
UPPER = -15
1961,1927,1893,1860,1826,1792,1758,1724,1683,1643,
1602,1564,1527,1489,1449,1408,1368,1328,1287,1247,
1208,1168,1129,1089,1048,1008,0970,0932,0894,0859,
0823,0788,

LTE-A#1(공통부) Fwd 출력 (Avg)
RANGE = 21
UPPER = 28
2886,2830,2775,2720,2664,2609,2547,2485,2423,2366,
2308,2251,2188,2126,2063,1998,1934,1869,1810,1751,
1692,

LTE-A#1(공통부) Rvs 입력
RANGE = 39
UPPER = -12
2154,2112,2071,2030,1988,1947,1908,1868,1829,1789,
1750,1710,1673,1637,1600,1563,1527,1490,1449,1409,
1368,1335,1303,1270,1227,1184,1141,1100,1060,1019,
0982,0946,0909,0873,0838,0802,0775,0748,0721,


LTE-A#1(공통부) RVS 출력
RANGE = 21
UPPER = 28
2945,2888,2831,2774,2717,2660,2593,2527,2460,2383,
2305,2228,2150,2073,1995,1930,1864,1799,1734,1670,
1605,

